10517
11039
11057
11247
11248
11305
11307
11321
11407
11408
11409
11410
11412
11413
11414
11625
11640
11854
11896
11900
12418
12421
12648
12686
12888
12899
13128
1314
13210
13233
13241
1340
13493
13498
13502
13506
13523
13528
13530
13597
1361
13632
13685
13692
13834
13835
13836
13837
13934
14224
14274
14312
14543
14626
14627
14709
14710
15105
15121
15135
15138
15142
15156
15199
15200
15210
15351
15358
15393
15407
15409
15495
15622
16091
16095
16096
16260
16329
16647
16648
16661
16663
16665
16691
16694
16769
16772
17014
17102
17169
17184
17459
17501
17514
17538
17540
17565
17625
17626
17629
17775
17776
18423
18797
18829
18984
19054
19224
1928
19286
1929
1930
1931
1935
1940
19517
19596
19632
19645
19680
19736
19787
19838
19840
19841
19843
19855
20061
20108
20203
20235
20246
20317
20487
20494
20580
20581
20753
20831
2084
2097
21049
21050
2110
2112
21121
21508
21867
2238
2373
2426
2516
25296
25399
25407
25408
25520
25860
25997
26090
26091
2611
2623
26273
26316
2637
2639
2640
2641
26511
26776
26953
26954
26967
27095
27108
27109
27110
27111
27112
27140
27141
27142
27143
27149
27150
27151
27162
27163
27164
27165
27166
27167
27168
27171
27172
27175
27176
27177
27178
27179
27180
27181
27182
27183
27191
27337
27519
27520
27628
27791
27792
27850
27869
27871
28020
28029
28042
28046
28178
28212
28213
28237
28252
28254
28289
28291
28293
28414
28425
28477
28479
28559
28668
28727
28858
28886
2893
29035
29065
29066
29299
29300
29731
29836
29886
29890
30058
30122
30173
30186
30188
30195
30196
30204
30208
30209
30211
30215
30220
30222
30224
30228
30230
30232
30235
30238
30242
30289
3136
3137
3149
3159
3602
3606
3630
3764
3792
4167
4169
4172
4174
4175
4177
4208
4209
4210
4280
4331
4540
4545
4564
4616
4650
4718
4747
4766
4877
4896
4910
50028
50067
50073
5020
5021
50304
50316
5034
50349
50350
50367
50450
50537
50599
50610
50611
50698
50706
50720
5088
50899
50915
50916
50945
51004
51005
51007
51008
51009
51010
51032
51033
51034
51035
51036
51037
51038
51039
51041
51042
51043
51046
51050
51051
51052
51056
51057
51058
51060
51062
51063
51067
51068
51069
51072
51121
51126
51129
51137
51143
51148
51163
51164
51194
51237
51239
51241
51243
51346
51356
51361
51370
51376
51382
51451
51452
51467
51494
51495
51498
51499
51500
51501
51503
51504
51505
51506
51507
51508
51588
51674
51675
51676
51677
51678
51756
51806
51826
51839
51850
51888
51891
51900
51903
51912
51923
51928
51929
51930
51931
51932
51933
51962
51963
51964
51965
51966
51967
51968
51993
52039
52054
52097
52100
52102
52267
52289
5229
52294
52295
5230
5231
5232
52341
5235
52362
52364
52385
52386
52388
52391
52392
52396
52398
52399
52404
52466
52471
52472
52473
52474
52488
52500
52501
52512
52525
52535
52544
52548
52565
52571
52572
52574
52575
52576
52585
52586
5263
52866
53053
53130
5524
5526
5606
5668
5678
5773
5774
5775
5813
5897
5906
6046
6448
6449
6452
6455
6456
6458
6459
6461
6474
6516
6517
6518
6519
6520
6593
6759
6992
6993
7046
7078
7113
7277
7421
7616
7617
7618
7657
8134
8199
8207
8264
8409
8420
8730
8799
8857
9263
9265
9577
9579
9638
9714
9828
9862
9979